2132141 2
2108153 15
2108153 15
2062881 37
2057569 36
2157789 5
2080743 27
2080743 27
731923 1295
731923 1295
731923 1295
731923 1295
236742 95
2145098 25
236742 95
1709404 6
2049619 3
2047320 8
2047320 8
1162392 543
1162392 543
1162392 543
1162392 543
583449 1808
583449 1808
583449 1808
1816195 4
583449 1808
2087937 8
1877080 19
2138060 2
2093710 6
601247 99
1546005 36
1445947 550
1934422 25
1583719 353
2158705 4
2016437 11
2100039 2
1868458 12
2100065 3
455591 299
2075267 13
2075267 13
1895018 72
1895018 72
1378204 64
2153950 8
1378204 63
735170 954
2113124 7
2152962 1
2058499 40
2116864 10
1583719 353
428589 754
428589 753
1978576 10
1155284 271
1155284 271
2157476 2
2145201 11
2020066 12
2016889 58
1325398 17
1028119 273
1028119 272
1864397 210
1970891 7
2026185 32
2080743 29
2164121 1
2160325 1
2071592 10
2159012 5
2042657 73
2042657 72
361813 1241
361813 1241
2073668 4
1681719 128
1655002 101
1655002 99
1851562 67
1577392 21
2153185 2
1635047 20
2096416 20
2154573 1
2154573 1
2053587 21
2059117 13
2059117 13
2059117 13
2059117 12
2119357 7
2140812 46
1763166 26
2126041 13
2126041 13
1722137 77
2078433 20
1847322 104
1515877 244
2095445 13
2108975 18
1515877 245
2140873 2
1949828 21
2013627 6
2013627 6
2013627 6
2013627 6
2013627 6
2013627 6
2013627 6
2013627 6
2013627 6
2013627 6
2013627 6
2013627 6
2013627 6
2013627 6
2013627 6
2013627 6
2013627 6
2013627 6
2013627 6
2013627 6
2013627 6
2013627 6
2013627 6
2013627 6
2013627 6
2013627 6
2013627 6
2013627 6
2013627 6
2013627 6
2013627 6
2013627 6
2013627 6
2013627 6
2013627 6
2013627 6
2013627 6
2013627 6
2013627 6
2013627 6
2013627 6
2013627 6
2013627 6
2013627 6
2013627 6
2013627 6
2013627 6
2013627 6
2013627 6
2013627 6
2013627 6
2013627 6
2013627 6
2013627 6
2013627 6
2013627 6
2013627 6
2013627 6
2013627 6
2013627 6
2013627 6
2013627 6
2013627 6
2013627 6
2013627 6
2013627 6
2013627 6
2013627 6
2013627 6
2013627 6
2013627 6
2013627 6
2013627 6
2013627 6
2013627 6
2013627 6
2013627 6
2013627 6
2013627 6
2013627 6
2013627 6
2013627 6
2013627 6
2013627 6
2013627 6
2013627 6
2013627 6
2013627 6
2013627 6
2013627 6
2013627 6
2013627 6
2013627 6
2013627 6
2013627 6
2013627 6
2013627 6
2013627 6
2013627 6
2013627 6
2013627 6
2013627 6
2013627 6
2013627 6
2013627 6
2013627 6
2013627 6
2013627 6
2013627 6
2013627 6
2013627 6
2013627 6
2013627 6
2013627 6
2013627 6
2013627 6
2013627 6
2013627 6
2013627 6
2013627 6
2013627 6
2013627 6
2013627 6
2013627 6
2013627 6
2013627 6
2013627 6
2013627 6
2013627 6
1649695 492
2033283 8
2033283 8
2033283 8
2033283 8
2033283 8
2033283 8
2033283 8
2033283 8
2033283 8
2033283 8
2033283 8
2033283 8
2033283 8
2033283 8
2033283 8
2033283 8
2033283 8
2033283 8
1856970 9
